100
-100 -884816820
-100 -532908042
-100 56362575
-100 -464440083
-100 216218673
-100 409796523
-100 -584845946
-100 -738355121
-100 -941074061
-100 166780272
-100 514597072
-100 725659984
-100 742999655
-100 291288189
-100 549921756
-100 -1192260
-100 -541147652
-100 513218175
-100 749586964
-100 524027748
-100 295341987
-100 -859005106
-100 184112704
-100 87438749
-100 310014070
-100 -939169632
-100 -661167151
-100 249191977
-100 13350938
-100 446493832
-100 92332201
-100 -98062535
-100 375849737
-100 -469411971
-100 385757578
-100 153916658
-100 85536276
-100 -358074331
-100 670403697
-100 -946694187
-100 -340780951
-100 -810358165
-100 729960143
-100 793093144
-100 331259032
-100 915007829
-100 -187062173
-100 -247323119
-100 485147791
-100 -98836715
-100 977614697
-100 -219039291
-100 602111801
-100 -750460789
-100 -559690465
-100 587432816
-100 -306917585
-100 -837502028
-100 417489034
-100 368467352
-100 -750967050
-100 -162245788
-100 358129277
-100 -41578101
-100 -776605773
-100 -103977357
-100 920356937
-100 57971148
-100 -653967013
-100 -429648968
-100 -547563117
-100 -623009323
-100 719220370
-100 675796900
-100 -101
-100 -294296635
-100 -101
-100 319462121
-100 297628712
-100 -359227523
-100 -729051120
-100 240141719
-100 297602145
-100 788306249
-100 -247236221
-100 545629645
-100 -182232589
-100 -631504447
-100 620665358
-100 578065375
-100 -153198556
-100 -653829557
-100 -241784459
-100 -343443128
-100 -174169736
-100 77532943
-100 -241368387
-100 -516089428
-100 -543496485
-100 -138198626
